1369
1367
1364
1357
1353
1350
1344
1340
1334
1327
1325
1323
1319
1318
1317
1314
1312
1311
1308
1301
1300
1294
1292
1288
1284
1282
1280
1279
1275
1262
1261
1256
1254
1252
1251
1248
1246
1242
1239
1237
1329
1233
1230
1228
1227
1226
1221
1219
1213
1210
1243
1299
1208
1206
1205
1203
1202
1200
1194
1192
1190
1188
1187
1186
1172
1171
1168
1167
1164
1154
1144
1136
1133
1131
1129
1123
1119
1118
1111
1107
1106
1104
1095
1109
1093
1091
1083
1072
1068
1267
1056
1368
1055
1250
1054
1050
1148
1049
1046
1040
1034
1031
1030
1028
1019
1016
1008
1002
1000
999
988
981
1231
980
1276
974
973
968
958
955
953
948
947
941
936
933
929
923
916
914
1321
912
911
1198
907
967
1244
904
903
899
895
890
888
886
1103
884
883
881
879
877
917
876
874
868
864
857
853
852
848
847
845
844
840
838
835
834
829
828
824
818
807
802
801
800
898
798
796
791
788
787
785
784
777
773
772
770
769
766
758
756
753
751
749
747
746
744
742
1358
1263
739
737
736
734
731
722
721
718
717
714
712
708
706
705
703
702
701
694
692
689
686
683
681
680
679
677
675
1361
1223
674
805
673
660
658
653
643
639
638
636
632
1173
629
628
627
625
621
619
1007
1076
641
613
612
1137
1272
610
951
667
603
601
599
598
592
591
588
587
1180
580
578
1236
1045
648
577
576
574
572
570
566
814
560
559
557
555
581
553
644
550
544
1135
543
1156
539
532
531
1139
530
525
759
523
520
515
510
508
502
501
500
514
499
495
579
616
946
494
676
728
1286
486
1191
1339
484
479
1356
1218
826
478
477
476
475
471
470
468
669
467
461
460
457
453
452
819
449
446
445
442
438
485
546
436
1143
431
429
425
423
417
414
1363
1330
412
820
1345
928
411
1117
780
1362
979
1058
409
406
398
397
391
390
704
389
388
952
385
384
381
380
1268
938
378
375
373
368
1199
517
986
367
366
360
354
841
583
1042
1260
351
1063
350
1089
743
349
348
347
755
346
343
582
1141
813
341
1097
342
850
684
340
339
336
1283
1025
1310
335
334
333
1032
329
633
524
1088
327
738
326
325
322
321
313
309
1126
810
304
298
295
294
292
290
285
284
280
548
279
274
407
270
269
573
469
1224
1304
782
1305
891
635
1127
1084
651
1332
1146
568
267
266
265
1134
710
362
664
305
455
262
260
258
1053
608
256
328
252
249
962
247
246
245
984
243
607
242
1011
727
1158
241
240
311
711
238
723
637
236
1225
228
227
226
846
1166
418
288
224
223
220
217
214
765
403
1140
1038
1211
1255
211
454
210
207
924
1081
206
204
203
654
732
239
887
1023
564
631
811
1015
1078
1265
1175
282
875
1021
547
201
197
194
193
192
189
187
843
186
1151
185
183
181
584
179
372
182
657
355
1189
1044
202
259
882
178
966
176
823
1293
175
174
1101
1102
687
571
522
812
1333
642
542
695
720
622
545
173
171
170
930
169
167
166
164
626
163
345
162
498
1121
1163
799
205
233
859
480
161
156
155
154
754
1116
921
507
593
685
331
150
382
972
149
148
146
145
1132
1240
352
143
139
889
1096
135
134
133
261
1309
900
549
393
132
131
125
121
1052
830
1182
119
118
575
117
491
611
860
323
115
112
109
108
646
106
103
100
99
105
97
997
940
275
688
96
779
1033
1271
733
554
95
873
319
94
93
854
92
851
1253
1114
87
86
448
867
793
1113
1170
1074
85
960
81
153
401
764
296
565
387
291
80
79
497
426
89
78
1241
76
370
410
75
713
74
1346
73
72
71
70
69
68
1343
83
66
65
316
1232
1277
320
330
741
324
586
147
961
786
816
63
634
61
60
59
1302
757
58
57
55
863
315
752
306
215
231
338
314
54
52
656
50
49
1249
463
1039
110
1062
505
672
645
459
437
1315
1181
806
767
237
935
218
184
48
47
869
719
481
789
617
977
434
1012
831
492
46
44
216
690
113
1281
1086
1183
111
994
1020
447
392
666
1160
427
1003
724
420
563
1290
138
1366
408
1125
1331
458
862
1047
235
142
595
255
1027
1359
496
208
822
293
232
597
1161
276
1069
43
42
1165
114
39
38
37
36
159
34
1037
970
1258
297
1120
949
33
32
1174
1259
534
158
618
1336
31
30
29
28
27
25
51
24
1004
22
21
1155
630
937
762
698
127
405
511
978
1214
299
358
1009
213
1108
440
415
371
998
963
1201
53
489
35
18
16
730
1061
278
662
287
1235
870
803
151
697
1341
993
1124
1099
199
402
1080
56
1128
14
13
969
12
9
8
761
536
7
196
303
19
332
1354
464
404
195
707
1270
428
120
1320
624
506
691
432
1142
918
416
6
661
1316
493
5
435
1360
1179
1307
519
975
472
609
1196
1001
1322
1024
856
264
1212
804
839
776
512
792
4
116
567
1
1285
620
20
1326
954
396
942
529
528
104
490
678
1017
128
551
140
602
1177
310
518
1035
456
395
1234
606
1238
137
1352
909
419
17
10
177
795
1306
1041
526
976
62
344
430
365
45
905
866
337
1051
871
1022
386
640
939
965
1338
200
253
1087
1105
1018
374
783
861
527
849
894
665
1029
516
1342
102
357
735
301
906
1145
1355
307
590
283
1291
1159
957
538
760
649
552
281
663
41
369
1278
1335
1296
1115
1064
726
101
302
1005
1092
15
1216
1138
1257
1204
983
353
872
82
1162
1303
943
1090
1065
1013
88
443
858
1297
209
562
878
1071
535
897
222
537
248
1273
424
136
908
561
944
615
945
1313
160
959
482
277
716
444
1100
450
77
400
144
1328
126
157
474
1147
289
794
1207
925
987
188
919
1349
198
107
790
771
40
825
1122
1193
920
422
1337
931
650
1348
244
504
473
1077
318
990
271
837
533
317
141
359
2
168
1247
927
696
985
808
992
1245
441
556
465
11
709
451
90
982
413
809
614
836
399
1195
394
1150
1274
91
1079
509
1197
229
1209
1153
832
623
893
670
513
1324
1036
1287
421
230
363
700
934
902
300
364
26
596
212
1295
558
361
971
1149
1157
130
652
257
763
1178
1269
991
750
589
483
748
815
462
964
466
1184
521
604
915
1026
768
1185
1152
1010
778
129
880
1073
1057
821
308
892
273
1085
922
540
885
221
932
152
488
1220
268
1060
286
1048
541
1014
865
896
745
715
1130
926
1169
569
833
910
996
842
23
254
600
699
671
913
272
775
124
817
1082
668
234
1264
190
781
682
487
950
1289
383
725
693
1176
0
165
647
1075
594
1351
439
659
1006
251
172
855
191
901
740
1229
379
263
312
377
1347
1110
797
1094
433
219
1098
84
1365
1112
180
1222
250
1266
655
1067
1059
956
1298
122
225
1217
64
376
995
585
1043
989
123
1070
729
356
1215
827
774
67
503
3
1066
605
98
